3 5.562477750089e-05 1.5625e-05 0.0010276677643289427 0.0004953125 0.9186320754716981 0.29 0.7405660377358491 0.0825 0.5943396226415094 0.02125 0.43042452830188677 0.01625 0.18278301886792453 0.14125 0.04716981132075472 0.395 0.6591981132075472 0.39375 0.7028301886792453 0.295 0.7511792452830188 0.3625
2 0.08608490566037735 0.40125 0.8372641509433962 0.5925 0.9233490566037735 0.70125 0.8679245283018868 0.6625 0.6662735849056604 0.78125 0.6120283018867925 0.75125 0.6202830188679245 0.6425 0.41037735849056606 0.6475 0.4233490566037736 0.81125 0.27122641509433965 0.7475 0.23231132075471697 0.665 0.2134433962264151 0.72 0.1332547169811321 0.69 0.08608490566037735 0.73375 0.294811320754717 0.94875 0.5436320754716981 0.99375 0.7865566037735849 0.89875 0.5860849056603774 0.8175 0.5872641509433962 0.81625 0.5884433962264151 0.8175 0.5872641509433962 0.81875 0.5825471698113207 0.415 0.5825471698113207 0.42 0.5837264150943396 0.41875 0.5837264150943396 0.4175 0.5825471698113207 0.41625 0.5247641509433962 0.40375 0.5259433962264151 0.40375 0.5165094339622641 0.40375 0.5176886792452831 0.40375 0.5294811320754716 0.40375 0.5719339622641509 0.405 0.5801886792452831 0.40375 0.5801886792452831 0.4025 0.5448113207547169 0.40125
1 0.7205188679245284 0.3 0.2358490566037736 0.45 0.9198113207547169 0.3 0.7488207547169812 0.36875 0.7558962264150944 0.565 0.722877358490566 0.75 0.8691037735849056 0.655 0.9327830188679245 0.66875 0.9433962264150944 0.65125 0.9551886792452831 0.41875
1 0.3785377358490566 0.3975 0.21108490566037735 0.245 0.5837264150943396 0.4 0.38089622641509435 0.40625 0.38207547169811323 0.585 0.4068396226415094 0.64125 0.44457547169811323 0.63875 0.44575471698113206 0.4525 0.5165094339622641 0.45625 0.5200471698113207 0.63625 0.5860849056603774 0.63125 0.47523584905660377 0.415 0.4811320754716981 0.415 0.48702830188679247 0.4175 0.49528301886792453 0.42625 0.4964622641509434 0.4325 0.49292452830188677 0.44 0.4858490566037736 0.44625 0.47759433962264153 0.4475 0.4716981132075472 0.445 0.46462264150943394 0.435 0.46462264150943394 0.42875 0.4669811320754717 0.4225
1 0.07783018867924528 0.40125 0.14858490566037735 0.31625 0.09080188679245282 0.40625 0.07783018867924528 0.52 0.10849056603773585 0.65 0.13443396226415094 0.68375 0.21226415094339623 0.71625 0.22641509433962265 0.695 0.19693396226415094 0.55375 0.19929245283018868 0.415 0.16745283018867924 0.40125
1 0.6615566037735849 0.2975 0.09433962264150944 0.47375 0.7099056603773585 0.2975 0.6981132075471698 0.30875 0.7087264150943396 0.39125 0.6698113207547169 0.4025 0.6615566037735849 0.68625 0.6933962264150944 0.71625 0.6886792452830188 0.77125 0.7134433962264151 0.75875 0.7558962264150944 0.52125 0.7346698113207547 0.3125
4 0.44221698113207547 0.455 0.07311320754716981 0.18125 0.44221698113207547 0.45625 0.4481132075471698 0.63375 0.5129716981132075 0.63125 0.5141509433962265 0.45625
1 0.031839622641509434 0.40125 0.07547169811320754 0.2775 0.04481132075471698 0.40125 0.03419811320754717 0.44125 0.045990566037735846 0.4525 0.045990566037735846 0.55875 0.031839622641509434 0.57 0.06367924528301887 0.67875 0.10731132075471699 0.65 0.07783018867924528 0.5475 0.08254716981132075 0.41125
7 0.23820754716981132 0.6125 0.11438679245283019 0.13875 0.33254716981132076 0.6975 0.33490566037735847 0.7 0.33490566037735847 0.70125 0.33608490566037735 0.70125 0.33726415094339623 0.7025 0.3384433962264151 0.70125 0.33726415094339623 0.7 0.33726415094339623 0.69875 0.33608490566037735 0.6975 0.35259433962264153 0.68 0.35141509433962265 0.68 0.35023584905660377 0.68125 0.3443396226415094 0.68125 0.35259433962264153 0.68125 0.25943396226415094 0.61375 0.23820754716981132 0.6325 0.2535377358490566 0.63625 0.24056603773584906 0.65375 0.2617924528301887 0.7225 0.27476415094339623 0.745 0.3136792452830189 0.75 0.3242924528301887 0.7425 0.33254716981132076 0.7225 0.3136792452830189 0.635 0.3278301886792453 0.615
4 0.597877358490566 0.4375 0.04245283018867924 0.2 0.6367924528301887 0.4375 0.5990566037735849 0.45 0.6014150943396226 0.6375 0.6297169811320755 0.6375 0.6356132075471698 0.63
7 0.11556603773584906 0.75125 0.1332547169811321 0.10875 0.1179245283018868 0.77125 0.11556603773584906 0.78 0.1403301886792453 0.8225 0.16863207547169812 0.84 0.1804245283018868 0.855 0.2016509433962264 0.86 0.24764150943396226 0.8475 0.24764150943396226 0.83375 0.21933962264150944 0.8025 0.13797169811320756 0.7525
10 0.32193396226415094 0.5975 0.08608490566037735 0.13125 0.357311320754717 0.59875 0.3290094339622642 0.62125 0.32193396226415094 0.63625 0.33726415094339623 0.63 0.3561320754716981 0.64375 0.36202830188679247 0.6675 0.3761792452830189 0.67125 0.3761792452830189 0.71875 0.38443396226415094 0.72 0.3891509433962264 0.71 0.392688679245283 0.72625 0.4056603773584906 0.7275 0.39976415094339623 0.615 0.38089622641509435 0.6 0.39858490566037735 0.72125 0.39976415094339623 0.72 0.4009433962264151 0.72 0.40212264150943394 0.72125 0.4009433962264151 0.7225 0.39976415094339623 0.7225
8 0.6179245283018868 0.6925 0.07311320754716981 0.085 0.6509433962264151 0.6925 0.6391509433962265 0.6975 0.6226415094339622 0.71375 0.6179245283018868 0.74875 0.6332547169811321 0.74875 0.6474056603773585 0.7675 0.6745283018867925 0.7775 0.6839622641509434 0.76875 0.6910377358490566 0.715 0.6733490566037735 0.69625
