1 0.6332547169811321 0.0475 0.3384433962264151 0.89625 0.6733490566037735 0.0525 0.7405660377358491 0.505 0.7087264150943396 0.7 0.6332547169811321 0.885 0.7110849056603774 0.94375 0.8054245283018868 0.88375 0.9080188679245284 0.7525 0.9716981132075472 0.47375 0.9398584905660378 0.32375 0.8667452830188679 0.1925 0.6768867924528302 0.09 0.6792452830188679 0.0925 0.6768867924528302 0.095 0.6745283018867925 0.0925 0.660377358490566 0.0475 0.6615566037735849 0.0475
3 0.19103773584905662 0.0175 0.535377358490566 0.3625 0.6450471698113207 0.05125 0.5212264150943396 0.0175 0.3643867924528302 0.03625 0.23702830188679244 0.1025 0.19221698113207547 0.17875 0.31014150943396224 0.37 0.5731132075471698 0.37875 0.7264150943396226 0.32 0.4846698113207547 0.3125 0.4846698113207547 0.31 0.4858490566037736 0.30875 0.49292452830188677 0.30875 0.49528301886792453 0.31125 0.49292452830188677 0.31375 0.4858490566037736 0.31375
2 0.06132075471698113 0.38625 0.6485849056603774 0.60875 0.6332547169811321 0.66 0.6332547169811321 0.66125 0.6356132075471698 0.66125 0.6367924528301887 0.6625 0.6367924528301887 0.665 0.6379716981132075 0.66625 0.6379716981132075 0.6675 0.6391509433962265 0.66625 0.6391509433962265 0.66375 0.6379716981132075 0.6625 0.6379716981132075 0.66125 0.6367924528301887 0.66125 0.6356132075471698 0.66 0.6898584905660378 0.95375 0.6273584905660378 0.87875 0.7099056603773585 0.675 0.660377358490566 0.65625 0.6356132075471698 0.71375 0.5330188679245284 0.75875 0.4634433962264151 0.665 0.5790094339622641 0.6275 0.5683962264150944 0.59625 0.3290094339622642 0.61875 0.2688679245283019 0.77125 0.16863207547169812 0.6475 0.06132075471698113 0.62875 0.07311320754716981 0.68625 0.19339622641509435 0.7375 0.29245283018867924 0.95 0.44575471698113206 0.995 0.42924528301886794 0.78125 0.4257075471698113 0.78875 0.4080188679245283 0.8 0.3313679245283019 0.8275 0.32547169811320753 0.825 0.3290094339622642 0.8175 0.38089622641509435 0.8 0.4209905660377358 0.78125 0.6674528301886793 0.66625 0.6686320754716981 0.665 0.6698113207547169 0.66625 0.6698113207547169 0.6675 0.6686320754716981 0.66875 0.6674528301886793 0.6675 0.10966981132075472 0.6425 0.11084905660377359 0.64125 0.11202830188679246 0.6425 0.11084905660377359 0.64375 0.09433962264150944 0.6425 0.09551886792452831 0.64125 0.09669811320754718 0.64125 0.09787735849056604 0.6425 0.09669811320754718 0.64375 0.09551886792452831 0.64375 0.6992924528301887 0.38625 0.7004716981132075 0.38625
1 0.5613207547169812 0.3325 0.17688679245283018 0.33625 0.7240566037735849 0.3325 0.5719339622641509 0.3825 0.5636792452830188 0.415 0.5672169811320755 0.58875 0.5955188679245284 0.625 0.7075471698113207 0.66875 0.7370283018867925 0.5125 0.625 0.635 0.6261792452830188 0.63375 0.6273584905660378 0.635 0.6261792452830188 0.63625
1 0.21226415094339623 0.3 0.10731132075471699 0.45625 0.23938679245283018 0.755 0.23938679245283018 0.75625 0.25 0.3 0.2240566037735849 0.3225 0.21226415094339623 0.48625 0.23349056603773585 0.63 0.2783018867924528 0.755 0.31957547169811323 0.61125 0.30660377358490565 0.375
1 0.5601415094339622 0.3525 0.11084905660377359 0.29125 0.6650943396226415 0.3525 0.5695754716981132 0.38375 0.5625 0.41625 0.5636792452830188 0.585 0.597877358490566 0.62625 0.652122641509434 0.64375 0.6698113207547169 0.54
9 0.3455188679245283 0.41 0.18396226415094338 0.14875 0.3455188679245283 0.41375 0.35377358490566035 0.55875 0.5259433962264151 0.54125 0.527122641509434 0.41625
1 0.16391509433962265 0.33125 0.11202830188679246 0.4325 0.21226415094339623 0.33125 0.1721698113207547 0.34375 0.16745283018867924 0.53875 0.2358490566037736 0.76 0.2759433962264151 0.75875 0.21462264150943397 0.53125
1 0.31014150943396224 0.4075 0.24764150943396226 0.20375 0.31014150943396224 0.41125 0.32547169811320753 0.61 0.5530660377358491 0.585 0.5566037735849056 0.415 0.5306603773584906 0.41375 0.5235849056603774 0.5475 0.3596698113207547 0.56125 0.3443396226415094 0.41
7 0.08018867924528301 0.69625 0.19693396226415094 0.2125 0.08844339622641509 0.6975 0.08018867924528301 0.7175 0.1403301886792453 0.83 0.21226415094339623 0.895 0.24646226415094338 0.90875 0.27122641509433965 0.9025 0.27240566037735847 0.86 0.19103773584905662 0.73875 0.14150943396226415 0.71125
1 0.6615566037735849 0.3775 0.07783018867924528 0.29125 0.7323113207547169 0.3775 0.6721698113207547 0.38875 0.6615566037735849 0.645 0.7075471698113207 0.66875 0.7358490566037735 0.5375
7 0.4658018867924528 0.63625 0.17688679245283018 0.115 0.6426886792452831 0.68375 0.5566037735849056 0.63625 0.4658018867924528 0.65625 0.47759433962264153 0.6825 0.5330188679245284 0.75125 0.6002358490566038 0.71875 0.6297169811320755 0.7125 0.527122641509434 0.71125 0.5283018867924528 0.71 0.5294811320754716 0.71 0.5306603773584906 0.71125 0.5306603773584906 0.7125 0.5318396226415094 0.71375 0.5294811320754716 0.71625 0.527122641509434 0.71375
9 0.06721698113207547 0.44125 0.041273584905660375 0.085 0.10377358490566038 0.44125 0.08018867924528301 0.4475 0.06721698113207547 0.455 0.06721698113207547 0.5175 0.07193396226415094 0.52625 0.10613207547169812 0.52375 0.10849056603773585 0.52
7 0.09787735849056604 0.60375 0.08726415094339622 0.03375 0.09787735849056604 0.61875 0.09787735849056604 0.62625 0.10377358490566038 0.63125 0.1544811320754717 0.6375 0.18514150943396226 0.63625 0.17688679245283018 0.6075 0.10849056603773585 0.60375
8 0.3266509433962264 0.78125 0.10259433962264151 0.04375 0.42924528301886794 0.7825 0.42452830188679247 0.78125 0.37264150943396224 0.805 0.330188679245283 0.81875 0.3266509433962264 0.825 0.3856132075471698 0.80625 0.42806603773584906 0.78625
8 0.29127358490566035 0.79 0.007075471698113208 0.1275 0.2983490566037736 0.79 0.29127358490566035 0.82375 0.294811320754717 0.9175
