1 4.032796368814525e-05 0.00014687499999999998 0.0005743258276966893 0.0010171874999999999 0.5153301886792453 0.3275 0.5165094339622641 0.32875 0.5212264150943396 0.32875 0.5212264150943396 0.3275 0.5200471698113207 0.3275 0.5176886792452831 0.325 0.21462264150943397 0.1175 0.07547169811320754 0.29875 0.03419811320754717 0.53625 0.10495283018867925 0.76375 0.27476415094339623 0.93125 0.30660377358490565 0.74 0.27240566037735847 0.54 0.2841981132075472 0.3025
1 0.2759433962264151 0.3 0.3431603773584906 0.4275 0.29009433962264153 0.30625 0.27712264150943394 0.54375 0.3113207547169811 0.7225 0.4115566037735849 0.72625 0.5908018867924528 0.67375 0.6120283018867925 0.3575 0.4893867924528302 0.31
2 0.2818396226415094 0.69875 0.49056603773584906 0.29625 0.7712264150943396 0.8575 0.6037735849056604 0.7 0.31485849056603776 0.73 0.2830188679245283 0.92625 0.4009433962264151 0.98875 0.5436320754716981 0.99375 0.7087264150943396 0.94125 0.7558962264150944 0.90625 0.3160377358490566 0.77875 0.31721698113207547 0.7775 0.31839622641509435 0.7775 0.31957547169811323 0.77875 0.31957547169811323 0.78 0.31839622641509435 0.78125 0.31721698113207547 0.78125 0.3160377358490566 0.78 0.4528301886792453 0.7675 0.4540094339622642 0.76625 0.455188679245283 0.7675 0.4540094339622642 0.76875 0.4528301886792453 0.73625 0.45990566037735847 0.73625 0.4669811320754717 0.74375 0.46462264150943394 0.75125 0.4658018867924528 0.76 0.4705188679245283 0.75625 0.4705188679245283 0.76375 0.47287735849056606 0.76625 0.47287735849056606 0.77625 0.4705188679245283 0.77875 0.4681603773584906 0.7775 0.4658018867924528 0.77 0.46226415094339623 0.77125 0.45872641509433965 0.76875 0.46108490566037735 0.76375 0.45872641509433965 0.76 0.4540094339622642 0.76125 0.4516509433962264 0.7675 0.44575471698113206 0.76 0.44575471698113206 0.74375 0.45872641509433965 0.75 0.45754716981132076 0.75125 0.45872641509433965 0.7525 0.45990566037735847 0.75125 0.45754716981132076 0.7425 0.45872641509433965 0.7425
3 0.23702830188679244 0.01 0.5448113207547169 0.2625 0.23702830188679244 0.1025 0.29127358490566035 0.24125 0.49056603773584906 0.22125 0.6462264150943396 0.2725 0.7594339622641509 0.20875 0.7818396226415094 0.15125 0.6945754716981132 0.05875 0.5389150943396226 0.01125 0.3785377358490566 0.02625 0.31839622641509435 0.23375 0.31957547169811323 0.2325 0.32075471698113206 0.2325 0.32193396226415094 0.23125 0.3242924528301887 0.23125 0.3266509433962264 0.23375 0.32547169811320753 0.235 0.3231132075471698 0.235 0.32193396226415094 0.23625 0.32075471698113206 0.235 0.31957547169811323 0.235
0 0.6073113207547169 0.18125 0.20754716981132076 0.15625 0.8148584905660378 0.24375 0.7676886792452831 0.18125 0.7735849056603774 0.23375 0.6698113207547169 0.28375 0.6073113207547169 0.3275 0.6238207547169812 0.3375 0.7275943396226415 0.28875 0.8101415094339622 0.2625
8 0.44575471698113206 0.73625 0.030660377358490566 0.07 0.4540094339622642 0.73625 0.44693396226415094 0.7425 0.44575471698113206 0.74875 0.455188679245283 0.79875 0.46108490566037735 0.80625 0.4705188679245283 0.80625 0.47641509433962265 0.80125 0.47523584905660377 0.77125 0.4693396226415094 0.7625 0.46462264150943394 0.7425 0.45990566037735847 0.7375
0 0.37264150943396224 0.22125 0.08372641509433962 0.0325 0.3738207547169811 0.2275 0.37264150943396224 0.245 0.375 0.2475 0.44339622641509435 0.25375 0.4563679245283019 0.25125 0.4563679245283019 0.245 0.4492924528301887 0.24 0.392688679245283 0.235 0.38443396226415094 0.22125 0.3761792452830189 0.2225
8 0.6709905660377359 0.8525 0.03419811320754717 0.0375 0.7028301886792453 0.85375 0.6922169811320755 0.8525 0.6757075471698113 0.86 0.6709905660377359 0.86625 0.6709905660377359 0.87875 0.6733490566037735 0.885 0.6851415094339622 0.89 0.6922169811320755 0.8875 0.6969339622641509 0.88 0.6981132075471698 0.87375 0.7040094339622641 0.86625 0.7051886792452831 0.85625
8 0.44457547169811323 0.735 0.024764150943396228 0.0375 0.455188679245283 0.735 0.44693396226415094 0.74125 0.44457547169811323 0.74625 0.44693396226415094 0.76 0.4516509433962264 0.7725 0.45872641509433965 0.765 0.4681603773584906 0.765 0.4693396226415094 0.76375 0.4693396226415094 0.75625 0.4658018867924528 0.74375 0.46226415094339623 0.73875
12 0.31014150943396224 0.21875 0.018867924528301886 0.01875 0.3136792452830189 0.22 0.31014150943396224 0.225 0.3113207547169811 0.2275 0.3113207547169811 0.23125 0.3136792452830189 0.23625 0.3160377358490566 0.23625 0.31721698113207547 0.2375 0.3231132075471698 0.2375 0.3242924528301887 0.23625 0.3266509433962264 0.23625 0.3278301886792453 0.235 0.3278301886792453 0.23 0.3290094339622642 0.22875 0.3278301886792453 0.2275 0.3278301886792453 0.22375 0.31957547169811323 0.21875 0.3160377358490566 0.21875
