3 0.00011264017443930226 1.71875e-05 0.000990121039515842 0.00051875 0.09551886792452831 0.3 0.10966981132075472 0.29875 0.10966981132075472 0.3 0.11320754716981132 0.3 0.11202830188679246 0.29875 0.12853773584905662 0.21125 0.5330188679245284 0.4225 0.7240566037735849 0.42875 0.9351415094339622 0.335 0.8007075471698113 0.125 0.5837264150943396 0.01875 0.3136792452830189 0.05125 0.7358490566037735 0.39875 0.7370283018867925 0.39875 0.7382075471698113 0.4 0.7393867924528302 0.4 0.7417452830188679 0.40375 0.7417452830188679 0.41 0.7393867924528302 0.4125 0.7370283018867925 0.41 0.7370283018867925 0.40875 0.7358490566037735 0.4075 0.7358490566037735 0.40625 0.7334905660377359 0.40375 0.7334905660377359 0.40125 0.7806603773584906 0.37375 0.7818396226415094 0.3725 0.7830188679245284 0.3725 0.7841981132075472 0.37375 0.7841981132075472 0.375 0.7830188679245284 0.37625 0.7818396226415094 0.37625 0.7806603773584906 0.375
1 0.1650943396226415 0.56125 0.7169811320754716 0.4325 0.8797169811320755 0.72125 0.7193396226415094 0.56875 0.6391509433962265 0.60125 0.6568396226415094 0.68875 0.6226415094339622 0.595 0.5247641509433962 0.56125 0.1650943396226415 0.8375 0.33726415094339623 0.96625 0.6344339622641509 0.97375 0.6497641509433962 0.8375 0.7700471698113207 0.8125 0.8101415094339622 0.8775 0.4221698113207547 0.97875 0.4233490566037736 0.9775 0.42452830188679247 0.97875 0.42452830188679247 0.98 0.4233490566037736 0.98125 0.4221698113207547 0.98 0.3242924528301887 0.89875 0.32547169811320753 0.8975 0.3266509433962264 0.89875 0.3266509433962264 0.9 0.32547169811320753 0.90125 0.3242924528301887 0.9 0.3714622641509434 0.85 0.37264150943396224 0.84875 0.3738207547169811 0.85 0.37264150943396224 0.85125 0.3867924528301887 0.825 0.38797169811320753 0.82375 0.3891509433962264 0.82375 0.3903301886792453 0.825 0.3903301886792453 0.82625 0.3891509433962264 0.8275 0.38797169811320753 0.8275 0.3867924528301887 0.82625 0.455188679245283 0.78 0.4563679245283019 0.78125 0.4563679245283019 0.78375 0.455188679245283 0.785 0.4540094339622642 0.785 0.4528301886792453 0.78375 0.4528301886792453 0.7825 0.4257075471698113 0.77625 0.4268867924528302 0.775 0.42806603773584906 0.77625 0.4268867924528302 0.7775 0.43514150943396224 0.765 0.4363207547169811 0.76625 0.4363207547169811 0.76875 0.43514150943396224 0.77 0.4339622641509434 0.77 0.43278301886792453 0.76875 0.43278301886792453 0.7675 0.4693396226415094 0.75875 0.4705188679245283 0.7575 0.4716981132075472 0.75875 0.4705188679245283 0.76 0.44693396226415094 0.755 0.4481132075471698 0.75375 0.4516509433962264 0.75375 0.4528301886792453 0.755 0.4528301886792453 0.75625 0.4516509433962264 0.7575 0.4492924528301887 0.7575 0.4669811320754717 0.75125 0.4681603773584906 0.75 0.4693396226415094 0.75 0.4705188679245283 0.74875 0.47287735849056606 0.74875 0.47523584905660377 0.75125 0.47287735849056606 0.75375 0.4693396226415094 0.75375 0.5341981132075472 0.61125 0.5341981132075472 0.6125 0.5318396226415094 0.615 0.5212264150943396 0.615 0.5200471698113207 0.61375 0.5212264150943396 0.6125 0.5247641509433962 0.6125 0.5247641509433962 0.61125 0.5259433962264151 0.61 0.5259433962264151 0.6075 0.5283018867924528 0.605 0.5117924528301887 0.605 0.5129716981132075 0.60375 0.5141509433962265 0.605 0.5141509433962265 0.60625 0.5129716981132075 0.6075 0.5117924528301887 0.60625
9 0.03537735849056604 0.33375 0.15919811320754718 0.27375 0.06367924528301887 0.33625 0.036556603773584904 0.4525 0.04716981132075472 0.605 0.19221698113207547 0.5775 0.19339622641509435 0.35125
1 0.5247641509433962 0.4275 0.2016509433962264 0.135 0.5247641509433962 0.54875 0.5259433962264151 0.55 0.5259433962264151 0.55125 0.5259433962264151 0.54875 0.5341981132075472 0.43125 0.5294811320754716 0.52625 0.5589622641509434 0.5575 0.5884433962264151 0.55875 0.6014150943396226 0.52625 0.6497641509433962 0.52375 0.6544811320754716 0.5125 0.6686320754716981 0.52 0.6875 0.56125 0.7193396226415094 0.56 0.7252358490566038 0.4325
7 0.6202830188679245 0.815 0.17570754716981132 0.15 0.7724056603773585 0.81875 0.6474056603773585 0.84125 0.6273584905660378 0.86375 0.6202830188679245 0.9625 0.6391509433962265 0.965 0.7134433962264151 0.93875 0.7877358490566038 0.89625 0.7959905660377359 0.87625
9 0.3231132075471698 0.38125 0.11438679245283019 0.165 0.3290094339622642 0.38125 0.3266509433962264 0.54375 0.43042452830188677 0.5275 0.4375 0.41625 0.4009433962264151 0.39875
4 0.8242924528301887 0.425 0.07547169811320754 0.2525 0.8938679245283019 0.425 0.8408018867924528 0.43625 0.839622641509434 0.53625 0.8242924528301887 0.6425 0.8561320754716981 0.6775 0.8679245283018868 0.67 0.8926886792452831 0.565 0.8997641509433962 0.4925
7 0.5919811320754716 0.5275 0.08372641509433962 0.07 0.6002358490566038 0.5325 0.5919811320754716 0.56 0.5955188679245284 0.585 0.6356132075471698 0.58875 0.6450471698113207 0.5975 0.6733490566037735 0.595 0.6733490566037735 0.55375 0.6391509433962265 0.54875 0.6415094339622641 0.545 0.6615566037735849 0.54625 0.6544811320754716 0.53 0.6061320754716981 0.5275
4 0.7511792452830188 0.44625 0.0330188679245283 0.15625 0.7830188679245284 0.44625 0.7582547169811321 0.4525 0.7511792452830188 0.585 0.7700471698113207 0.6025 0.7818396226415094 0.53875
9 0.5 0.44 0.02122641509433962 0.0675 0.5070754716981132 0.44 0.5011792452830188 0.4425 0.5 0.505 0.5023584905660378 0.5075 0.5176886792452831 0.505 0.5212264150943396 0.5 0.5200471698113207 0.44625
